10.047,10.066,10.068
10.044,10.002,10.041
10.084,10.092,10.058
10.084,10.036,10.085
10.089,10.063,10.04
10.025,10.1,10.064
10.075,10.088,10.046
10.027,10.047,10.003
10.023,10.054,10.04
10.076,10.083,10.056
10.057,10.06,10.057
10.048,10.034,10.081
10.08,10.028,10.021
10.025,10.021,10.055
10.053,10.03,10.083
10.008,10.04,10.09
10.087,10.023,10.023
10.093,10.065,10.028
10.012,10.071,10.058
10.013,10.016,10.072
10.003,10.027,10.096
10.002,10.08,10.078
10.01,10.071,10.005
10.006,10.079,10.078
10.099,10.095,10.073
10.096,10.013,10.067
10.038,10.054,10.094
10.089,10.022,10.009
10.022,10.068,10.043
10.049,10.072,10.032
10.084,10.082,10.03
10.081,10.003,10.084
10.049,10.01,10.058
10.015,10.092,10.073
10.015,10.021,10.049
10.029,10.066,10.01
10.077,10.029,10.016
10.026,10.097,10.02
10.091,10.016,10.047
10.094,10.014,10.079
10.066,10.073,10.018
10.037,10.071,10.041
10.025,10.088,10.069
10.068,10.003,10.065
10.006,10.074,10.098
10.07,10.074,10.058
10.095,10.009,10.092
10.049,10.033,10.086
10.003,10.021,10.048
10.09,10.072,10.087
10.041,10.009,10.003
10.051,10.05,10.079
10.082,10.073,10.077
10.033,10.059,10.081
10.016,10.06,10.095
10.044,10.026,10.093
10.018,10.099,10.072
10.053,10.028,10.013
10.013,10.075,10.034
10.037,10.041,10.083
10.062,10.017,10.009
10.024,10.009,10.018
10.018,10.03,10.063
10.076,10.051,10.068
10.031,10.029,10.038
10.031,10.041,10.045
10.023,10.092,10.082
10.095,10.083,10.024
10.06,10.054,10.078
10.088,10.037,10.082
10.071,10.07,10.024
10.014,10.03,10.013
10.038,10.096,10.023
10.028,10.073,10.015
10.085,10.077,10.081
10.09,10.089,10.002
10.056,10.078,10.008
10.024,10.046,10.047
10.089,10.027,10.012
10.024,10.026,10.008
10.067,10.052,10.068
10.049,10.028,10.052
10.092,10.075,10.05
10.089,10.092,10.046
10.033,10.034,10.026
10.023,10.036,10.028
10.099,10.049,10.069
10.015,10.044,10.016
10.04,10.06,10.084
10.091,10.014,10.056
10.039,10.03,10.075
10.098,10.036,10.051
10.08,10.069,10.026
10.063,10.029,10.013
10.076,10.064,10.052
10.07,10.044,10.018
10.095,10.002,10.057
10.1,10.017,10.051
10.041,10.094,10.049
10.07,10.036,10.035
10.094,10.072,10.083
10.049,10.057,10.073
10.067,10.025,10.03
10.048,10.096,10.065
10.068,10.094,10.1
10.042,10.077,10.045
10.067,10.009,10.069
10.028,10.023,10.026
10.097,10.079,10.071
10.098,10.069,10.02
10.051,10.047,10.047
10.095,10.059,10.016
10.097,10.06,10.078
10.058,10.069,10.083
10.022,10.025,10.059
10.017,10.066,10.073
10.014,10.042,10.021
10.028,10.069,10.076
10.035,10.06,10.017
10.025,10.005,10.017
10.079,10.006,10.009
10.043,10.001,10.017
10.098,10.054,10.092
10.097,10.012,10.001
10.001,10.097,10.036
10.044,10.043,10.021
10.047,10.069,10.045
10.042,10.023,10.086
10.094,10.032,10.097
10.089,10.082,10.064
10.083,10.005,10.059
10.099,10.026,10.011
10.024,10.032,10.056
10.03,10.071,10.044
10.085,10.025,10.082
10.083,10.026,10.073
10.066,10.079,10.075
10.1,10.077,10.088
10.035,10.081,10.097
10.024,10.042,10.1
10.061,10.002,10.096
10.005,10.097,10.042
10.085,10.089,10.048
10.009,10.049,10.063
10.061,10.058,10.067
10.039,10.004,10.009
10.099,10.026,10.004
10.074,10.035,10.076
10.078,10.003,10.08
10.091,10.096,10.094
10.089,10.084,10.091
10.057,10.088,10.021
10.079,10.042,10.063
10.1,10.014,10.037
10.002,10.052,10.062
10.015,10.011,10.096
10.09,10.08,10.009
10.003,10.083,10.015
10.093,10.093,10.011
10.088,10.041,10.014
10.08,10.013,10.049
10.076,10.096,10.094
10.032,10.092,10.063
10.064,10.061,10.005
10.068,10.097,10.092
10.042,10.032,10.012
10.075,10.032,10.003
10.073,10.068,10.051
10.081,10.09,10.099
10.04,10.024,10.014
10.043,10.084,10.068
10.03,10.037,10.018
10.036,10.026,10.038
10.02,10.045,10.008
10.026,10.047,10.043
10.002,10.016,10.066
10.058,10.018,10.035
10.063,10.051,10.084
10.01,10.096,10.015
10.073,10.099,10.047
10.046,10.061,10.096
10.028,10.093,10.026
10.078,10.031,10.027
10.015,10.098,10.006
10.075,10.03,10.069
10.064,10.012,10.044
10.028,10.013,10.054
10.033,10.006,10.009
10.041,10.073,10.084
10.041,10.07,10.043
10.022,10.072,10.041
10.092,10.064,10.038
10.036,10.017,10.058
10.069,10.061,10.095
10.076,10.021,10.061
10.07,10.085,10.049
10.086,10.068,10.012
10.094,10.001,10.016
10.063,10.021,10.068
10.055,10.078,10.027
10.025,10.094,10.015
10.022,10.057,10.067
10.029,10.052,10.022
10.057,10.036,10.049
10.044,10.093,10.094
10.085,10.01,10.083
10.029,10.053,10.01
10.045,10.03,10.062
10.036,10.061,10.085
10.085,10.055,10.064
10.032,10.008,10.001
10.064,10.048,10.005
10.055,10.034,10.002
10.064,10.055,10.041
10.08,10.016,10.075
10.049,10.042,10.068
10.099,10.098,10.1
10.052,10.066,10.081
10.023,10.067,10.052
10.024,10.044,10.062
10.066,10.065,10.092
10.061,10.006,10.042
10.047,10.028,10.027
10.058,10.054,10.036
10.055,10.009,10.029
10.049,10.056,10.042
10.051,10.04,10.015
10.088,10.035,10.058
10.059,10.063,10.06
10.071,10.072,10.041
10.019,10.002,10.041
10.087,10.087,10.081
10.055,10.069,10.068
10.081,10.013,10.017
10.07,10.035,10.063
10.083,10.026,10.087
10.095,10.046,10.033
10.016,10.081,10.081
10.069,10.022,10.033
10.005,10.017,10.039
10.089,10.066,10.033
10.082,10.024,10.091
10.029,10.062,10.081
10.003,10.088,10.099
10.065,10.038,10.073
10.092,10.05,10.018
10.047,10.007,10.092
10.051,10.025,10.04
10.096,10.066,10.077
10.011,10.026,10.081
10.076,10.042,10.069
10.069,10.018,10.001
10.003,10.01,10.084
10.01,10.032,10.073
10.037,10.051,10.026
10.058,10.047,10.073
10.01,10.098,10.042
10.079,10.043,10.081
10.048,10.054,10.001
10.061,10.023,10.069
10.052,10.02,10.084
10.01,10.027,10.045
10.057,10.011,10.011
10.002,10.043,10.03
10.027,10.066,10.077
10.091,10.048,10.087
10.008,10.067,10.074
10.038,10.066,10.002
10.06,10.033,10.011
10.067,10.054,10.018
10.04,10.049,10.044
10.064,10.015,10.093
10.087,10.027,10.051
10.049,10.004,10.04
10.038,10.017,10.085
10.065,10.052,10.072
10.008,10.093,10.003
10.023,10.05,10.014
10.025,10.091,10.054
10.086,10.052,10.085
10.024,10.012,10.065
10.011,10.029,10.01
10.029,10.091,10.051
10.026,10.034,10.049
10.079,10.026,10.062
10.1,10.001,10.046
10.052,10.088,10.015
10.019,10.093,10.078
10.016,10.094,10.007
10.038,10.069,10.003
10.089,10.092,10.044
10.023,10.061,10.093
10.064,10.005,10.099
10.03,10.024,10.039
10.026,10.022,10.037
10.017,10.077,10.058
10.031,10.09,10.09
10.043,10.007,10.064
10.084,10.09,10.062
10.042,10.001,10.097
10.053,10.034,10.059
10.089,10.045,10.069
10.091,10.011,10.022
10.049,10.08,10.044
10.017,10.088,10.003
10.036,10.086,10.074
10.066,10.05,10.01
10.026,10.046,10.051
10.06,10.047,10.041
10.051,10.016,10.024
10.02,10.07,10.055
10.01,10.035,10.088
10.012,10.087,10.071
10.017,10.088,10.008
10.07,10.067,10.069
10.099,10.006,10.062
10.049,10.03,10.015
10.096,10.096,10.087
10.075,10.038,10.062
10.071,10.006,10.057
10.055,10.097,10.012
10.063,10.015,10.021
10.003,10.077,10.026
10.079,10.061,10.003
10.091,10.037,10.041
10.092,10.046,10.097
10.02,10.079,10.084
10.077,10.039,10.095
10.054,10.055,10.03
10.075,10.012,10.017
10.099,10.007,10.076
10.043,10.014,10.005
10.097,10.023,10.039
10.015,10.058,10.043
10.01,10.001,10.039
10.088,10.029,10.069
10.074,10.09,10.072
10.064,10.068,10.073
10.09,10.093,10.044
10.035,10.093,10.095
10.007,10.034,10.001
10.04,10.061,10.015
10.041,10.008,10.062
10.033,10.009,10.075
10.075,10.023,10.031
10.016,10.004,10.055
10.067,10.099,10.09
10.015,10.009,10.035
10.085,10.07,10.016
10.02,10.094,10.026
10.004,10.065,10.039
10.07,10.007,10.093
10.025,10.067,10.025
10.094,10.033,10.094
10.026,10.084,10.065
10.063,10.03,10.065
10.098,10.07,10.035
10.074,10.03,10.047
10.076,10.054,10.081
10.015,10.02,10.076
10.03,10.05,10.063
10.042,10.019,10.007
10.011,10.044,10.039
10.025,10.064,10.065
10.062,10.003,10.025
10.071,10.073,10.089
10.054,10.019,10.077
10.062,10.094,10.049
10.035,10.081,10.032
10.098,10.038,10.009
10.002,10.053,10.01
10.091,10.072,10.046
10.027,10.083,10.006
10.056,10.059,10.031
10.037,10.099,10.062
10.082,10.06,10.005
10.006,10.043,10.069
10.067,10.036,10.049
10.017,10.011,10.057
10.037,10.036,10.01
10.098,10.042,10.077
10.075,10.087,10.081
10.052,10.026,10.088
10.085,10.002,10.006
10.069,10.026,10.002
10.059,10.004,10.01
10.036,10.001,10.046
10.012,10.072,10.067
10.056,10.057,10.047
10.037,10.004,10.086
10.096,10.091,10.076
10.029,10.033,10.047
10.057,10.06,10.024
10.058,10.037,10.027
10.099,10.065,10.039
10.012,10.031,10.004
10.038,10.072,10.078
10.01,10.092,10.069
10.011,10.076,10.075
10.082,10.06,10.057
10.082,10.097,10.005
10.016,10.083,10.001
10.066,10.085,10.037
10.072,10.039,10.093
10.047,10.052,10.004
10.022,10.081,10.011
10.044,10.068,10.046
10.002,10.069,10.023
10.022,10.008,10.054
10.059,10.007,10.018
10.041,10.017,10.088
10.091,10.043,10.013
10.051,10.08,10.06
10.068,10.047,10.071
10.029,10.003,10.05
10.02,10.096,10.076
10.061,10.039,10.091
10.054,10.075,10.041
10.034,10.075,10.081
10.039,10.078,10.051
10.039,10.038,10.088
10.073,10.077,10.049
10.041,10.087,10.025
10.002,10.01,10.081
10.098,10.05,10.043
10.07,10.022,10.008
10.046,10.038,10.024
10.076,10.097,10.009
10.078,10.019,10.001
10.041,10.014,10.053
10.056,10.069,10.088
10.002,10.069,10.099
10.099,10.046,10.035
10.098,10.049,10.032
10.038,10.002,10.05
10.013,10.031,10.026
10,10.077,10.066
10.04,10.05,10.061
10.013,10.028,10.084
10.087,10.005,10.049
10.083,10.092,10.08
10.098,10.057,10.006
10.009,10.098,10.045
10.089,10.091,10.096
10.078,10.095,10.068
10.071,10.014,10.008
10.011,10.037,10.097
10.036,10.093,10.01
10.012,10.049,10.092
10.013,10.014,10.033
10.045,10.001,10.041
10.018,10.087,10.055
10.086,10.005,10.051
10.015,10.044,10.046
10.032,10.093,10.072
10.064,10.095,10.073
10.052,10.065,10.074
10.087,10.087,10.023
10.03,10.041,10.019
10.019,10.015,10.086
10.093,10.078,10.016
10.073,10.019,10.046
10.086,10.013,10.061
10.064,10.075,10.026
10.055,10.094,10.095
10.061,10.081,10.032
10.027,10.043,10.075
10.046,10.098,10.085
10.032,10.018,10.086
10.086,10.011,10.076
10.014,10.061,10.079
10.021,10.003,10.08
10.004,10.074,10.034
10.042,10.019,10.095
10.014,10.047,10.085
10.025,10.043,10.099
10.093,10.004,10.055
10,10.072,10.062
10.037,10.029,10.006
10.07,10.089,10.073
10.059,10.095,10.036
10.009,10.049,10.017
10.026,10,10.076
10.076,10.002,10.012
10.008,10.008,10.059
10.05,10.049,10.065
10.084,10.002,10.084
10.077,10.029,10.07
10.091,10.094,10.027
10.015,10.037,10.022
10.003,10.018,10.024
10.1,10.065,10.012
10.082,10.073,10.071
10.056,10.038,10.035
10.009,10.021,10.009
10.076,10.007,10.059
10.028,10.052,10.097
10.068,10.04,10.01
10.041,10.055,10.023
10.001,10.054,10.088
10.038,10.083,10.015
10.06,10.084,10.032
10.041,10.041,10.058
10.013,10.01,10.014
10.044,10.047,10.069
10.036,10.031,10.004
10.095,10.007,10.095
10.023,10.009,10.073
10.075,10.09,10.06
10.048,10.032,10.046
10.046,10.059,10.073
10.1,10.083,10.028
10.083,10.053,10.001
10.076,10.085,10.023
10.045,10.089,10.009
10.05,10.023,10.011
10.045,10.003,10.023
10.049,10.034,10.059
10.023,10.089,10.057
10.083,10.017,10.031
10.058,10.012,10.067
10.018,10.018,10.081
10.006,10.058,10.07
10.09,10.029,10.086
10.041,10.1,10.062
10.096,10.004,10.018
10.011,10.019,10.088
10.062,10.076,10.054
10.02,10.076,10.017
10.086,10.083,10.075
10.072,10.052,10.091
10.028,10.011,10.035
10.012,10.061,10.036
10.058,10.062,10.072
10.056,10.045,10.035
10.006,10.044,10.022
10.072,10.074,10.026
10,10.079,10.099
10.061,10.036,10.096
10.087,10.044,10.015
10.065,10.016,10.032
10.015,10.016,10.025
10.048,10.043,10.089
10.029,10.03,10.056
10.077,10.091,10.037
10.031,10.06,10.049
10.024,10.087,10.053
10.073,10.04,10.072
10.07,10.03,10.008
10.062,10.047,10.095
10.034,10.069,10.046
10.025,10.048,10.061
10.045,10.009,10.097
10.02,10.009,10.054
10.016,10,10.055
10.063,10.039,10.057
10.008,10.05,10.009
10.025,10.017,10.003
10.088,10.006,10.047
10.061,10.036,10.045
10.08,10.081,10.03
10.025,10.039,10.016
10.075,10.006,10.009
10.094,10.058,10.086
10.038,10.036,10.029
10.009,10.065,10.093
10.054,10.067,10.093
10.057,10.091,10.093
10.029,10.094,10.081
10.053,10.082,10.07
10.087,10.057,10.068
10.003,10.076,10.018
10.056,10.053,10.03
10.07,10.095,10.054
10.026,10.002,10.076
10.001,10.027,10.055
10.014,10.045,10.014
10.088,10.055,10.058
10.053,10.086,10.051
10.074,10.086,10.011
10.043,10.028,10.087
10.007,10.061,10.034
10.027,10.057,10.013
10.013,10.094,10.034
10.02,10.007,10.091
10.096,10.036,10.01
10.089,10.038,10.016
10.064,10.004,10.007
10.054,10.092,10.017
10.012,10.001,10.076
10.072,10.085,10.025
10.061,10.005,10.011
10.035,10.047,10.008
10.068,10.053,10.052
10.094,10.013,10.065
10.085,10.035,10.007
10.001,10.001,10.029
10.022,10.03,10.06
10.056,10.022,10.039
10.034,10.075,10.037
10.042,10.057,10.059
10.003,10.009,10.05
10.092,10.025,10.065
10.007,10.002,10.052
10.065,10.039,10.038
10.037,10.075,10.061
10.024,10.093,10.038
10.037,10.033,10.09
10.047,10.051,10.079
10.014,10.02,10.019
10,10.086,10.001
10.001,10.084,10.077
10.086,10.093,10.002
10.019,10.069,10.098
10.058,10.056,10.094
10.069,10.033,10.034
10.093,10.031,10.004
10.057,10.065,10.074
10.096,10.031,10.076
10.028,10.09,10.067
10.029,10.032,10.072
10.018,10.044,10.036
10.021,10.053,10.083
10.047,10.063,10.02
10.1,10,10.062
10.082,10.041,10.09
10.051,10.096,10.061
10.067,10.092,10.045
10.063,10.021,10.056
10.01,10.029,10.054
10.018,10.028,10.023
10.055,10.056,10.062
10,10.019,10.048
10.002,10.047,10.008
10.025,10.058,10.015
10.041,10.089,10.085
10.054,10.046,10.015
10.049,10.057,10.034
10.042,10.018,10.083
10.068,10.019,10.061
10.071,10.003,10.052
10.026,10.051,10.097
10.082,10.086,10.09
10.03,10.088,10.026
10.019,10.019,10.086
10.044,10.039,10.083
10.021,10.09,10.046
10.016,10.027,10.052
10.077,10.039,10.004
10.099,10.052,10.084
10.089,10.069,10.052
10.044,10.038,10.003
10.022,10.009,10.08
10.04,10.005,10.032
10.087,10.093,10.043
10.087,10.048,10.091
10.025,10.053,10.024
10.084,10.053,10.035
10.026,10.017,10.06
10.081,10.085,10.084
10.024,10.051,10.067
10.009,10.054,10.03
10.038,10.053,10.043
10.023,10.003,10.003
10.027,10.069,10.033
10.075,10.08,10.005
10.001,10.073,10.066
10.059,10.092,10.017
10.097,10.022,10.004
10.023,10.071,10.035
10.071,10.059,10.011
10.065,10.073,10.086
10.002,10.015,10.053
10.023,10.084,10.043
10.03,10.058,10.034
10.086,10.029,10.044
10.077,10.038,10.024
10.039,10.02,10.044
10.062,10.023,10.087
10.073,10.032,10.081
10.046,10.068,10.029
10.073,10.073,10.071
10.021,10.017,10.053
10.071,10,10.019
10.074,10.1,10.02
10.023,10.034,10.014
10.034,10.057,10.046
10.089,10.012,10.011
10.039,10.07,10.089
10.005,10.029,10.095
10.076,10.006,10.003
10.093,10.037,10.002
10.05,10.095,10.093
10.005,10.091,10.05
10.019,10.062,10.088
10.042,10.093,10.053
10.084,10.076,10.065
10.093,10.07,10.023
10.07,10.024,10.054
10.038,10.063,10.099
10.078,10.072,10.084
10.026,10.046,10.036
10.062,10.031,10.063
10.078,10.089,10.068
10.021,10.02,10.041
10.077,10.079,10.06
10.016,10.019,10.086
10.052,10.047,10.001
10.076,10.051,10.044
10.097,10.035,10.02
10.048,10.089,10.056
10.025,10.026,10.056
10.079,10.002,10.074
10.04,10.071,10.064
10.065,10.096,10.052
10.001,10.083,10.063
10.061,10.071,10.054
10.006,10.056,10.007
10.075,10.004,10.096
10.037,10.1,10.076
10.008,10.051,10.087
10.066,10.007,10.093
10.004,10.099,10.07
10.086,10.017,10.069
10.085,10.023,10.012
10.005,10.064,10.008
10.077,10.056,10.009
10.073,10.042,10.067
10.081,10.089,10.067
10.083,10.097,10.075
10.058,10.095,10.021
10.021,10.099,10.052
10.024,10.039,10.021
10.03,10.069,10.062
10.01,10.029,10.06
10.087,10.082,10.037
10.048,10.078,10.022
10.016,10.025,10.098
10.054,10.066,10.067
10.061,10.007,10.046
10.035,10.061,10.061
10.03,10.084,10.017
10.001,10.022,10.053
10.034,10.017,10.061
10.028,10.03,10.05
10.053,10.001,10.012
10.014,10.076,10.021
10.05,10.023,10.066
10.064,10.085,10.087
10.095,10.081,10.008
10.03,10.011,10.07
10.045,10.035,10.081
10.006,10.019,10.028
10.075,10.041,10.032
10.044,10.035,10.046
10.041,10.095,10.095
10.046,10.037,10.034
10.049,10.085,10.007
10.053,10.033,10.034
10.073,10.083,10.071
10.016,10.098,10.056
10.047,10.04,10.008
10.028,10.037,10.08
10.001,10.023,10.069
10.004,10.079,10.066
10.076,10.052,10.099
10.018,10.044,10.063
10.067,10.092,10.091
10.006,10.064,10.048
10.029,10.072,10.05
10.068,10.08,10.068
10.012,10.096,10.034
10.032,10.067,10.015
10.028,10.066,10.054
10.028,10.098,10.057
10.073,10.088,10.066
10.052,10.025,10.067
10.086,10.047,10.091
10.006,10.049,10.092
10.049,10.048,10.027
10.009,10.067,10.013
10.011,10.044,10.055
10.096,10.057,10.008
10.036,10.002,10.046
10.096,10.098,10.014
10.027,10.097,10.077
10.061,10.084,10.068
10.092,10.097,10.006
10.003,10.071,10.064
10.047,10.056,10.009
10.082,10.037,10.091
10.084,10.059,10.01
10.024,10.002,10.015
10.088,10.012,10.086
10.087,10.09,10.001
10.08,10.018,10.003
10.016,10.055,10.077
10.078,10.035,10.071
10.033,10.062,10.046
10.022,10.043,10.064
10.083,10.071,10.018
10.058,10.078,10.076
10.025,10.034,10.073
10.029,10.044,10.084
10.098,10.061,10.018
10.006,10.069,10.023
10.066,10.084,10.074
10.09,10.024,10.088
10.005,10.049,10.058
10.095,10.063,10.047
10.012,10.028,10.077
10.075,10.002,10.085
10.09,10.068,10.004
10.05,10.069,10.004
10.025,10.032,10.017
10.046,10.092,10.005
10.028,10.082,10.089
10.079,10.002,10.008
10.092,10.051,10.004
10.079,10.073,10.01
10.079,10.071,10.039
10.091,10.013,10.046
10.053,10.061,10.005
10.002,10.011,10.056
10.061,10.078,10.095
10.019,10.047,10.091
10.042,10.03,10.026
10.083,10.069,10.001
10.064,10.082,10.066
10.033,10.096,10.054
10.057,10.012,10.051
10.081,10.063,10.013
10.053,10.095,10.008
10.044,10.078,10.016
10.069,10.043,10.082
10.055,10.079,10.027
10.053,10.065,10.018
10.02,10.016,10.099
10.025,10.037,10.048
10.03,10.071,10.047
10.063,10.021,10.039
10.017,10.058,10.028
10.009,10.026,10.084
10.075,10.036,10.06
10.034,10.044,10.026
10.043,10.004,10.008
10.034,10.021,10.074
10.05,10.007,10.039
10.026,10.076,10.088
10.087,10.021,10.045
10.002,10.078,10.04
10.062,10.097,10.038
10.07,10.045,10.044
10.024,10.017,10.064
10.001,10.001,10.041
10.032,10.034,10.024
10.041,10.005,10.095
10.004,10.053,10.052
10.009,10.023,10.038
10.042,10.077,10.085
10.095,10.012,10.019
10.011,10.045,10.02
10.028,10.034,10.061
10.066,10.098,10.042
10.084,10.019,10.039
10.056,10.096,10.004
10.006,10.091,10.069
10.085,10.077,10.096
10.038,10.042,10.026
10.05,10.001,10.088
10.033,10.019,10.028
10.095,10.064,10.028
10.031,10.044,10.089
10.033,10.037,10.078
10.066,10.001,10.009
10.025,10.026,10.011
10.049,10.047,10.054
10.093,10.006,10.008
10.08,10.051,10.039
10.012,10.066,10.026
10.052,10.003,10.096
10.093,10.052,10.063
10.085,10.088,10.005
10.007,10.02,10.054
10.055,10.026,10.021
10.074,10.041,10.052
10.071,10.099,10.016
10.047,10.048,10.042
10.049,10.099,10.008
10.001,10.099,10.095
10.078,10.007,10.042
10.036,10.099,10.094
10.002,10.047,10.09
10.014,10.025,10.013
10.07,10.033,10.01
10.022,10.085,10.079
10.019,10.039,10.026
10.06,10.067,10.008
10.039,10.023,10.095
10.036,10.029,10.01
10.064,10.05,10.027
10.073,10.095,10.097
10.083,10.019,10.078
10.046,10.013,10.038
10.007,10.091,10.098
10.07,10.025,10.068
10.009,10.097,10.066
10.011,10.008,10.004
10.057,10.084,10.077
10.1,10.061,10.037
10.002,10.024,10.068
10.043,10.017,10.054
10.059,10.081,10.047
10.092,10.086,10.052
10.053,10.068,10.068
10.019,10.047,10.062
10.093,10.017,10.086
10.027,10.057,10.012
10.052,10.008,10.037
10.067,10.003,10.065
10.089,10.045,10.087
10.075,10.045,10.061
10.07,10.023,10.045
10.005,10.061,10.002
10.062,10.019,10.051
10.048,10.071,10.069
10.073,10.044,10.033
10.055,10.086,10.091
10.063,10.052,10.054
10.016,10.014,10.06
10.061,10.064,10.006
10.006,10.06,10.041
10.044,10.008,10.041
10.011,10.1,10.071
10.047,10.012,10.075
10.097,10.087,10.088
10.017,10.029,10.085
10.046,10.1,10.028
10.036,10.074,10.055
10.057,10.007,10.008
10.02,10.09,10.067
10.061,10.005,10.051
10.03,10.024,10.078
10.089,10.005,10.056
10.015,10.099,10.053
10.054,10.071,10.082
10.087,10.062,10.001
10.022,10.005,10.051
10.089,10.058,10.063
10.014,10.075,10.028
10.087,10.08,10.049
10.097,10.053,10.022
10.02,10.002,10.034
10.084,10.027,10.066
10.017,10.029,10.037
10.065,10.057,10.051
10.006,10.078,10.003
10.068,10.089,10.037
10.062,10.069,10.078
10.063,10.069,10.08
10.038,10.005,10.01
10.054,10.085,10.053
10.091,10.009,10.086
10.086,10.088,10.007
10.034,10.023,10.084
10.013,10.088,10.019
10.085,10.021,10.067
10.022,10.006,10.043
10.03,10.059,10.025
10.074,10.022,10
10,10.093,10.004
10.054,10.019,10.016
10.07,10.067,10.078
10.052,10.08,10.058
10.052,10.039,10.058
10.049,10.056,10.085
10.069,10.005,10.09
10.025,10.056,10.061
10.082,10.055,10.003
10.084,10.096,10.083
10.04,10.05,10.065
10.07,10.078,10.088
10.023,10.08,10.075
10.098,10.011,10.072
10.067,10.018,10.035
10.039,10.059,10.019
10.017,10.092,10.035
10.007,10.02,10.05
10.039,10.091,10.024
10.023,10.002,10.045
10.07,10.071,10.046
10.01,10.065,10.063
10.015,10.02,10.066
10.033,10.028,10.041
10.085,10.03,10.076
10.055,10.078,10.079
10.094,10.011,10.087
10.085,10.03,10.023
10.048,10.019,10.091
10.032,10.011,10.044
10.054,10.005,10.055
10.059,10.028,10.042
10.05,10.061,10.084
10.09,10.049,10.025
10.015,10.062,10.086
10.089,10.016,10.06
10.083,10.081,10.08
10.088,10.04,10.084
10.063,10.021,10.038
10.071,10.003,10.028
10.062,10.01,10.037
10.05,10.032,10.09
10.07,10.012,10.1
10.094,10.079,10.062
10.095,10.011,10.088
10.077,10.069,10.072
10.061,10.014,10.057
10.035,10.068,10.034
10.033,10.021,10.037
10.044,10.047,10.026
10.089,10.005,10.045
10.09,10.091,10.016
10.058,10.045,10.097
10.078,10.096,10.024
10.006,10.023,10.078
10.096,10.022,10.088
10.095,10.019,10.062
10.086,10.031,10.017
10.072,10.059,10.046
10.045,10.012,10
10.09,10.016,10.085
10.048,10.032,10.013
10.067,10.092,10.034
10.02,10.057,10.054
10.038,10.009,10.042
10.064,10.013,10.068
10.083,10.086,10.06
10.08,10.073,10.07
10.094,10.019,10.09
10.092,10.072,10.037
10.07,10.018,10.094
10.023,10.06,10.003
10.078,10.03,10.035
10.015,10.045,10.085
10.09,10.042,10.027
10.071,10.068,10.078
10.04,10.003,10.096
10.047,10.088,10.087
10.086,10.038,10.038
10.062,10.066,10.029
10.01,10.002,10.015
10.033,10.003,10.073
10.044,10.04,10.009
10.083,10.093,10.082
10.012,10.017,10.079
10.038,10.089,10.063
10.025,10.082,10.055
10.02,10.086,10.022
10.06,10.025,10.09
10.064,10.014,10.023
10.079,10.087,10.055
10.09,10.095,10.03
10.05,10.039,10.095
10.094,10.073,10.035
10.034,10.079,10.079
10.035,10.033,10.041
10.056,10.07,10.083
10.047,10.018,10.097
10.025,10.047,10.004
10.013,10.008,10.078
10.018,10.033,10.03
10.01,10.094,10.021
10.043,10.005,10.068
10.011,10.043,10.083
10.01,10.078,10.04
10.065,10.061,10.001
10.059,10.042,10.004
10.066,10.078,10.018
10.092,10.033,10.028
10.07,10.094,10.083
10.046,10.041,10.099
10.028,10.03,10.043
10.044,10.048,10.019
10.05,10.088,10.019
10.001,10.022,10.054
10.053,10.075,10.064
10.068,10.071,10.048
10.028,10.012,10.054
10.055,10.082,10.069
10.071,10.018,10.032
10.016,10.074,10.057
10.074,10.029,10.009
10.058,10.009,10.077
10.071,10.002,10.021
10.068,10.045,10.049
10.035,10.061,10.046
10.029,10.084,10.035
10.097,10.04,10.052
10.051,10.057,10.089
10.037,10.097,10.035
10.018,10.057,10.069
10.052,10.071,10.091
10.088,10.027,10.092
10.019,10.024,10.054
10.013,10.023,10.026
10.032,10.013,10.016
10.027,10.035,10.02
10.007,10.087,10.015
10.079,10.095,10.035
10.006,10.092,10.078
10.025,10.053,10.007
10.085,10.075,10.018
10.083,10.003,10.002
10.071,10.092,10.055
10.083,10.036,10.031
10.067,10.006,10.033
10.088,10.041,10.05
10.036,10.099,10.046
10.095,10.01,10.032
10.039,10.084,10.016
10.023,10.016,10.057
10.015,10.067,10.09
10.067,10.066,10.041
10.066,10.04,10.059
10.081,10.068,10.097
10.029,10.002,10.041
10.086,10.098,10.082
10.019,10.004,10.061
10.073,10.005,10.079
10.04,10.006,10.062
10.017,10.033,10.027
10.054,10.085,10.043
10.058,10.014,10.058
10.067,10.084,10.063
10.021,10.091,10.041
10.089,10.058,10.002
10.054,10.085,10.022
10.064,10.071,10.033
10.005,10.046,10.087
10.078,10.034,10.075
10.062,10.073,10.067
10.049,10.057,10.08
10.045,10.028,10.073
10.04,10.039,10.061
10.002,10.069,10.046
10.077,10.033,10.016
10.058,10.025,10.01
10.041,10.082,10.016
10.021,10.01,10.077
10.098,10.044,10.013
10.025,10.087,10.007
10.006,10.026,10.045
10.068,10.026,10.07
10.056,10.004,10.017
10.059,10.051,10.1
10.098,10.076,10.023
10.074,10.067,10.062
10.086,10.055,10.091
10.002,10.059,10.028
10.074,10.022,10.005
10.028,10.013,10.046
10.022,10.055,10.007
10.01,10.032,10.063
10.075,10.045,10.023
10.057,10.021,10.027
10.018,10.078,10.008
10.055,10.073,10.065
10.065,10.069,10.011
10.036,10.06,10.035
10.081,10.012,10.042
10.079,10.088,10.035
10.082,10.012,10.035
10.046,10.046,10.039
10.006,10.042,10.099
10.081,10.055,10.081
10.046,10.059,10.1
10.073,10.047,10.062
10.013,10.09,10.017
10.022,10.063,10.049
10.046,10.01,10.009
10.091,10.04,10.002
10.047,10.086,10.086
10.051,10.049,10.024
10.097,10.015,10.012
10.031,10.088,10.028
10.06,10.027,10.091
10.061,10.016,10.092
10.011,10.014,10.064
10.027,10.001,10.085
10.031,10.091,10.046
10.033,10.099,10.081
10.03,10.088,10.032
10.096,10.093,10.05
10.049,10.099,10.039
10.095,10.009,10.038
10.073,10.075,10.017
10.036,10.066,10.063
10.072,10.067,10.004
10.03,10.049,10.034
10.008,10.034,10.012
10.014,10.038,10.076
10.086,10.086,10.013
10.086,10.059,10.059
10.092,10.006,10.07
10.05,10.037,10.1
10.095,10.051,10.067
10,10.049,10.053
10.031,10.086,10.007
10.053,10.001,10.066
10.054,10.045,10.078
10.016,10.015,10.081
10.098,10.029,10.066
10.081,10.082,10.031
10.007,10.062,10.014
10.081,10.098,10.09
10.018,10.092,10.014
10.004,10.067,10.013
10.022,10.066,10.032
10.05,10.053,10.046
10.052,10.057,10.038
10.086,10.036,10.086
10.042,10.023,10.072
10.009,10.015,10.091
10.057,10.068,10.008
10.035,10.035,10.012
10.049,10.043,10.023
10.02,10.026,10.009
10.027,10.02,10.042
10.002,10.019,10.027
10.06,10.012,10.015
10.042,10.004,10.048
10.095,10.089,10.091
10.022,10.063,10.001
10.078,10.001,10.076
10.033,10.01,10.091
10.077,10.012,10.096
10.034,10.061,10.058
10.099,10.099,10.046
10.038,10.003,10.072
10.025,10.041,10.083
10.057,10.058,10.03
10.029,10.027,10.071
10.024,10.056,10.033
10.028,10.027,10.05
10.057,10.013,10.005
10.081,10.02,10.072
10.068,10.016,10.085
10.048,10.071,10.03
10.023,10.09,10.062
10.023,10.06,10.013
10.005,10.021,10.023
10.064,10.022,10.067
10.066,10.03,10.057
10.065,10.067,10.05
10.003,10.076,10.079
10.082,10.038,10.035
10.033,10.07,10.038
10.003,10.046,10.028
10.034,10.005,10.054
10.038,10.1,10.053
10.089,10.082,10.032
10.027,10.028,10.075
10.098,10.064,10.085
10.086,10.056,10.025
10.038,10.055,10.004
10.033,10.08,10.049
10.026,10.028,10.082
10.059,10.039,10.011
10.1,10.001,10.025
10.067,10.062,10.042
10.063,10.004,10.045
10.033,10.08,10.086
10.092,10.03,10.09
10.01,10.039,10.068
10.015,10.007,10.011
10.01,10.04,10.099
10.057,10.028,10.067
10.062,10.092,10.021
10.005,10.07,10.016
10.067,10.007,10.003
10.084,10.075,10.01
10.021,10.009,10.087
10.002,10.025,10.062
10.047,10.074,10.02
10.055,10.046,10.097
10.032,10.02,10.057
10.048,10.029,10.041
10.05,10.079,10.009
10.02,10.002,10.068
10.074,10.015,10.031
10.033,10.019,10.069
10.056,10.054,10.093
10.003,10.066,10.078
10.065,10.098,10.096
10.075,10.01,10.047
10.01,10.037,10.007
10.091,10.06,10.098
10.091,10.05,10.005
10.069,10.007,10.053
10.063,10.085,10.062
10.008,10.03,10.088
10.073,10.059,10.063
10.076,10.025,10.022
10.028,10.078,10.042
10.011,10.041,10.091
10.056,10.079,10.031
10.01,10.008,10.056
10.036,10.081,10.005
10.063,10.034,10.001
10.092,10.019,10.06
10.08,10.023,10.086
10.089,10.026,10.08
10.034,10.014,10.078
10.088,10.083,10.038
10.02,10.051,10.028
10.01,10.019,10.013
10.024,10.056,10.073
10.076,10.015,10.012
10.017,10.044,10.03
10.054,10.092,10.025
10.06,10.024,10.034
10.066,10.006,10.099
10.09,10.079,10.008
10.093,10.056,10.029
10.001,10.042,10.1
10.067,10.055,10.077
10.032,10.069,10.036
10.007,10.092,10.01
10.075,10.078,10.035
10.002,10.002,10.034
10.072,10.09,10.047
10.006,10.041,10.034
10.03,10.03,10.097
10.058,10.024,10.091
10.004,10.056,10.067
10.093,10.099,10.017
10,10.012,10.016
10.057,10.057,10.076
10.011,10.074,10.053
10.046,10.059,10.098
10.037,10.028,10.033
10.089,10.078,10.023
10.065,10.003,10.098
10.011,10.014,10.072
10.033,10.068,10.01
10.056,10.012,10.025
10.057,10.001,10.047
10.029,10.026,10.052
10.05,10.006,10.048
10.082,10.066,10.019
10.096,10.095,10.091
10.038,10.064,10.082
10.042,10.072,10.083
10.067,10.056,10.096
10.089,10.013,10.045
10.03,10.013,10.032
10.037,10.086,10.018
10.01,10.002,10.08
10.026,10.036,10.081
10.057,10.078,10.049
10.044,10.034,10.005
10.069,10.002,10.042
10.088,10,10.05
10.075,10.068,10.018
10.1,10.089,10.07
10.01,10.087,10.091
10.091,10.057,10.041
10.01,10.054,10.044
10.063,10.021,10.064
10.097,10.07,10.088
10.093,10.095,10.052
10.018,10.082,10.005
10.013,10.093,10.028
10.094,10.068,10.067
10.038,10.087,10.056
10.03,10.085,10.078
10.097,10.098,10.06
10.001,10.026,10.031
10.023,10.072,10.065
10.093,10.054,10.044
10.064,10.022,10.005
10.021,10.086,10.011
10.096,10.04,10.018
10.056,10.041,10.079
10.008,10.003,10.084
10.012,10.095,10.061
10.026,10.07,10.053
10.063,10.062,10.072
10.005,10.081,10.039
10.017,10.09,10.089
10.085,10.06,10.042
10.056,10.054,10.072
10.037,10.024,10.067
10.004,10.039,10.078
10.034,10.057,10.032
10.099,10.003,10.027
10.05,10.037,10.022
10.039,10.08,10.078
10.066,10.036,10.034
10.005,10.086,10.007
10.068,10.057,10.043
10.049,10.068,10.02
10.037,10.076,10.011
10.064,10.076,10.065
10.067,10.059,10.074
10.046,10.014,10.032
10.085,10.066,10.039
10.092,10.053,10.016
10.069,10.078,10.085
10.046,10.009,10.014
10.057,10.062,10.07
10.042,10.014,10.031
10.071,10.021,10.073
10.039,10.002,10.065
10.063,10.072,10.08
